0 185.15272521972656 0.0 
0 171.71861267089844 0.21321961620469082 
0 159.68264770507812 0.42643923240938164 
0 147.63937377929688 0.6396588486140725 
0 132.71910095214844 0.8528784648187633 
0 122.4482192993164 1.0660980810234542 
0 109.76922607421875 1.279317697228145 
0 96.97187805175781 1.492537313432836 
0 89.63609313964844 1.7057569296375266 
0 88.32205963134766 1.9189765458422174 
0 83.90721130371094 2.1321961620469083 
0 80.22908782958984 2.345415778251599 
0 72.91976165771484 2.55863539445629 
0 72.63368225097656 2.771855010660981 
0 68.06077575683594 2.985074626865672 
0 65.87196350097656 3.1982942430703623 
0 62.98959732055664 3.411513859275053 
0 62.030235290527344 3.624733475479744 
0 62.881195068359375 3.837953091684435 
0 63.52582550048828 4.051172707889126 
0 61.956336975097656 4.264392324093817 
0 58.916587829589844 4.477611940298507 
0 60.530677795410156 4.690831556503198 
0 58.88690948486328 4.904051172707889 
0 57.86334228515625 5.11727078891258 
0 57.856937408447266 5.330490405117271 
0 60.252418518066406 5.543710021321962 
0 56.477752685546875 5.756929637526652 
0 54.3407096862793 5.970149253731344 
0 56.84104537963867 6.183368869936034 
0 56.82276916503906 6.3965884861407245 
0 55.18540573120117 6.609808102345416 
0 55.68584060668945 6.823027718550106 
0 54.432918548583984 7.036247334754798 
0 56.20616149902344 7.249466950959488 
0 56.482845306396484 7.462686567164179 
0 54.778865814208984 7.67590618336887 
0 55.141815185546875 7.889125799573561 
0 55.42976760864258 8.102345415778252 
0 54.214805603027344 8.315565031982942 
0 57.462379455566406 8.528784648187633 
0 55.98651123046875 8.742004264392325 
0 53.40302276611328 8.955223880597014 
0 55.67518997192383 9.168443496801705 
0 55.53005599975586 9.381663113006397 
0 57.321815490722656 9.594882729211088 
0 55.12631607055664 9.808102345415778 
0 53.75569534301758 10.021321961620469 
0 53.0767936706543 10.23454157782516 
0 54.463138580322266 10.447761194029852 
0 53.24234390258789 10.660980810234541 
0 52.990013122558594 10.874200426439232 
0 53.815345764160156 11.087420042643924 
0 54.456703186035156 11.300639658848613 
0 53.175071716308594 11.513859275053305 
0 55.86494445800781 11.727078891257996 
0 53.554298400878906 11.940298507462687 
0 54.80455780029297 12.153518123667377 
0 54.293121337890625 12.366737739872068 
0 53.2718391418457 12.57995735607676 
0 53.234039306640625 12.793176972281449 
0 53.71030807495117 13.00639658848614 
0 52.26052474975586 13.219616204690832 
0 52.33730697631836 13.432835820895523 
0 50.550296783447266 13.646055437100213 
0 52.27675247192383 13.859275053304904 
0 51.501991271972656 14.072494669509595 
0 52.449119567871094 14.285714285714286 
0 53.22981262207031 14.498933901918976 
0 50.86994934082031 14.712153518123667 
0 53.345184326171875 14.925373134328359 
0 50.695430755615234 15.138592750533048 
0 50.9903678894043 15.35181236673774 
0 51.000972747802734 15.56503198294243 
0 52.892669677734375 15.778251599147122 
0 50.66533279418945 15.991471215351812 
0 51.69664764404297 16.204690831556505 
0 50.710052490234375 16.417910447761194 
0 50.878631591796875 16.631130063965884 
0 50.22221374511719 16.844349680170577 
0 51.579532623291016 17.057569296375267 
0 51.165836334228516 17.270788912579956 
0 52.5218391418457 17.48400852878465 
0 49.632965087890625 17.69722814498934 
0 52.448822021484375 17.91044776119403 
0 50.82439041137695 18.12366737739872 
0 51.85114669799805 18.33688699360341 
0 50.117042541503906 18.550106609808104 
0 51.52395248413086 18.763326226012794 
0 49.273170471191406 18.976545842217483 
0 49.185489654541016 19.189765458422176 
0 50.103267669677734 19.402985074626866 
0 48.828887939453125 19.616204690831555 
0 49.19679641723633 19.82942430703625 
0 49.1535758972168 20.042643923240938 
0 50.577884674072266 20.255863539445627 
0 47.119651794433594 20.46908315565032 
0 46.93698501586914 20.68230277185501 
0 47.6577262878418 20.895522388059703 
0 47.94635772705078 21.108742004264393 
0 49.32809066772461 21.321961620469082 
0 48.3513298034668 21.535181236673775 
0 48.2352294921875 21.748400852878465 
0 50.28318786621094 21.961620469083154 
0 48.369197845458984 22.174840085287848 
0 47.607173919677734 22.388059701492537 
0 48.717796325683594 22.601279317697227 
0 46.31248092651367 22.81449893390192 
0 45.893558502197266 23.02771855010661 
0 46.02467346191406 23.240938166311302 
0 45.62886047363281 23.454157782515992 
0 45.81501770019531 23.66737739872068 
0 45.002220153808594 23.880597014925375 
0 48.179378509521484 24.093816631130064 
0 44.94478225708008 24.307036247334754 
0 46.50041198730469 24.520255863539447 
0 46.66234588623047 24.733475479744136 
0 47.056243896484375 24.946695095948826 
0 45.160823822021484 25.15991471215352 
0 46.47856140136719 25.37313432835821 
0 45.893287658691406 25.586353944562898 
0 47.168373107910156 25.79957356076759 
0 46.25255584716797 26.01279317697228 
0 44.72740173339844 26.226012793176974 
0 45.96670150756836 26.439232409381663 
0 47.146934509277344 26.652452025586353 
0 44.80919647216797 26.865671641791046 
0 45.58213806152344 27.078891257995735 
0 46.965641021728516 27.292110874200425 
0 46.527557373046875 27.505330490405118 
0 45.86834716796875 27.718550106609808 
0 45.37345886230469 27.931769722814497 
0 44.14314651489258 28.14498933901919 
0 45.20049285888672 28.35820895522388 
0 44.52805709838867 28.571428571428573 
0 45.798912048339844 28.784648187633262 
0 45.32323455810547 28.997867803837952 
0 46.47089385986328 29.211087420042645 
0 45.98473358154297 29.424307036247335 
0 46.675113677978516 29.637526652452024 
0 45.71888732910156 29.850746268656717 
0 43.99492263793945 30.063965884861407 
0 46.98458480834961 30.277185501066096 
0 45.09440612792969 30.49040511727079 
0 43.110923767089844 30.70362473347548 
0 44.919979095458984 30.916844349680172 
0 45.18408203125 31.13006396588486 
0 42.69908905029297 31.34328358208955 
0 44.03781509399414 31.556503198294244 
0 44.63426971435547 31.769722814498934 
0 47.01830291748047 31.982942430703623 
0 44.80592346191406 32.19616204690831 
0 42.812782287597656 32.40938166311301 
0 43.118499755859375 32.6226012793177 
0 42.792362213134766 32.83582089552239 
0 44.84855651855469 33.04904051172708 
0 44.41859436035156 33.26226012793177 
0 44.840843200683594 33.47547974413646 
0 43.02488708496094 33.688699360341154 
0 43.109737396240234 33.90191897654584 
0 44.886322021484375 34.11513859275053 
0 43.87537384033203 34.32835820895522 
0 44.978240966796875 34.54157782515991 
0 43.18208694458008 34.75479744136461 
0 44.23219299316406 34.9680170575693 
0 44.81708526611328 35.18123667377399 
0 43.639976501464844 35.39445628997868 
0 41.446617126464844 35.60767590618337 
0 41.726558685302734 35.82089552238806 
0 42.92925262451172 36.03411513859275 
0 43.703758239746094 36.24733475479744 
0 44.716026306152344 36.46055437100213 
0 43.694122314453125 36.67377398720682 
0 43.3934326171875 36.88699360341151 
0 41.84262466430664 37.10021321961621 
0 43.314727783203125 37.3134328358209 
0 42.035057067871094 37.52665245202559 
0 41.330177307128906 37.73987206823028 
0 42.77699279785156 37.953091684434966 
0 42.78535842895508 38.166311300639656 
0 41.67816925048828 38.37953091684435 
0 42.53398132324219 38.59275053304904 
0 44.13617706298828 38.80597014925373 
0 42.5925407409668 39.01918976545842 
0 42.40399169921875 39.23240938166311 
0 42.814239501953125 39.44562899786781 
0 41.02540969848633 39.6588486140725 
0 42.21874237060547 39.872068230277186 
0 43.3006591796875 40.085287846481876 
0 41.54684829711914 40.298507462686565 
0 41.869136810302734 40.511727078891255 
0 42.31943893432617 40.72494669509595 
0 42.371543884277344 40.93816631130064 
0 43.295989990234375 41.15138592750533 
0 42.99098587036133 41.36460554371002 
0 41.860687255859375 41.57782515991471 
0 41.95709228515625 41.791044776119406 
0 41.839813232421875 42.004264392324096 
0 42.70248794555664 42.217484008528785 
0 43.628597259521484 42.430703624733475 
0 42.11652755737305 42.643923240938165 
0 39.78211975097656 42.857142857142854 
0 42.82054901123047 43.07036247334755 
0 41.3581428527832 43.28358208955224 
0 41.48683166503906 43.49680170575693 
0 43.72540283203125 43.71002132196162 
0 40.51537322998047 43.92324093816631 
0 41.46819305419922 44.136460554371006 
0 40.99624252319336 44.349680170575695 
0 42.01560592651367 44.562899786780385 
0 41.98898696899414 44.776119402985074 
0 42.4891357421875 44.989339019189764 
0 40.603790283203125 45.20255863539445 
0 42.8466682434082 45.41577825159915 
0 40.836708068847656 45.62899786780384 
0 42.82029724121094 45.84221748400853 
0 40.181983947753906 46.05543710021322 
0 42.5612678527832 46.26865671641791 
0 42.90558624267578 46.481876332622605 
0 41.74201583862305 46.695095948827294 
0 40.95083236694336 46.908315565031984 
0 41.651329040527344 47.12153518123667 
0 41.26263427734375 47.33475479744136 
0 39.76450729370117 47.54797441364605 
0 41.946903228759766 47.76119402985075 
0 41.294029235839844 47.97441364605544 
0 41.08701705932617 48.18763326226013 
0 41.343780517578125 48.40085287846482 
0 42.654380798339844 48.61407249466951 
0 39.48987579345703 48.827292110874204 
0 39.73507308959961 49.04051172707889 
0 40.27067947387695 49.25373134328358 
0 43.47525405883789 49.46695095948827 
0 41.87200164794922 49.68017057569296 
0 41.14342498779297 49.89339019189765 
0 41.400516510009766 50.10660980810235 
0 40.90444564819336 50.31982942430704 
0 40.65468215942383 50.53304904051173 
0 38.60613250732422 50.74626865671642 
0 40.56743240356445 50.95948827292111 
0 38.35866165161133 51.172707889125796 
0 41.4576530456543 51.38592750533049 
0 41.299110412597656 51.59914712153518 
0 41.055755615234375 51.81236673773987 
0 40.0998649597168 52.02558635394456 
0 42.208702087402344 52.23880597014925 
0 41.159584045410156 52.45202558635395 
0 42.432044982910156 52.66524520255864 
0 40.83354949951172 52.87846481876333 
0 41.551937103271484 53.091684434968016 
0 40.806209564208984 53.304904051172706 
0 41.336036682128906 53.518123667377395 
0 41.77540588378906 53.73134328358209 
0 40.08393859863281 53.94456289978678 
0 39.71792984008789 54.15778251599147 
0 39.18521499633789 54.37100213219616 
0 40.710418701171875 54.58422174840085 
0 39.322288513183594 54.79744136460555 
0 41.370243072509766 55.010660980810236 
0 42.122352600097656 55.223880597014926 
0 40.1869010925293 55.437100213219615 
0 40.45640563964844 55.650319829424305 
0 41.813873291015625 55.863539445628994 
0 40.034934997558594 56.07675906183369 
0 38.68806457519531 56.28997867803838 
0 41.20368576049805 56.50319829424307 
0 40.62281799316406 56.71641791044776 
0 40.79506301879883 56.92963752665245 
0 38.59016799926758 57.142857142857146 
0 40.75068664550781 57.356076759061835 
0 38.75354766845703 57.569296375266525 
0 38.279727935791016 57.782515991471215 
0 39.79642868041992 57.995735607675904 
0 40.85052490234375 58.208955223880594 
0 38.335819244384766 58.42217484008529 
0 39.45564651489258 58.63539445628998 
0 39.901458740234375 58.84861407249467 
0 41.35423278808594 59.06183368869936 
0 40.931949615478516 59.27505330490405 
0 40.79179000854492 59.488272921108745 
0 37.930824279785156 59.701492537313435 
0 39.93644714355469 59.914712153518124 
0 40.296607971191406 60.127931769722814 
0 41.14656448364258 60.3411513859275 
0 38.8021354675293 60.55437100213219 
0 40.1318359375 60.76759061833689 
0 39.77308654785156 60.98081023454158 
0 37.96284866333008 61.19402985074627 
0 40.41936492919922 61.40724946695096 
0 38.87173843383789 61.62046908315565 
0 40.27724838256836 61.833688699360344 
0 41.07191467285156 62.046908315565034 
0 40.39580535888672 62.26012793176972 
0 39.11238479614258 62.47334754797441 
0 39.49829864501953 62.6865671641791 
0 38.797035217285156 62.89978678038379 
0 40.03443145751953 63.11300639658849 
0 39.892330169677734 63.32622601279318 
0 39.87162399291992 63.53944562899787 
0 37.25098419189453 63.75266524520256 
0 40.63298034667969 63.96588486140725 
0 39.9005126953125 64.17910447761194 
0 40.78470993041992 64.39232409381663 
0 40.13275146484375 64.60554371002132 
0 40.05133819580078 64.81876332622602 
0 37.56601333618164 65.0319829424307 
0 39.100833892822266 65.2452025586354 
0 40.25457000732422 65.45842217484008 
0 39.18179702758789 65.67164179104478 
0 39.79621505737305 65.88486140724947 
0 38.36289596557617 66.09808102345416 
0 39.615875244140625 66.31130063965885 
0 39.94664764404297 66.52452025586354 
0 37.44078826904297 66.73773987206823 
0 38.82188415527344 66.95095948827291 
0 39.399383544921875 67.16417910447761 
0 38.352840423583984 67.37739872068231 
0 38.476139068603516 67.59061833688699 
0 40.16484832763672 67.80383795309169 
0 39.503517150878906 68.01705756929637 
0 38.33238983154297 68.23027718550107 
0 38.46950912475586 68.44349680170576 
0 39.6455078125 68.65671641791045 
0 38.78806686401367 68.86993603411514 
0 40.705509185791016 69.08315565031982 
0 40.15928649902344 69.29637526652452 
0 38.646881103515625 69.50959488272922 
0 39.713348388671875 69.7228144989339 
0 40.44276428222656 69.9360341151386 
0 39.96701431274414 70.14925373134328 
0 38.228302001953125 70.36247334754798 
0 38.00082015991211 70.57569296375266 
0 38.71920394897461 70.78891257995735 
0 39.03630447387695 71.00213219616205 
0 36.26519775390625 71.21535181236673 
0 39.13979721069336 71.42857142857143 
0 39.322181701660156 71.64179104477611 
0 38.34344482421875 71.85501066098081 
0 38.701416015625 72.0682302771855 
0 40.142372131347656 72.28144989339019 
0 39.40827941894531 72.49466950959489 
0 38.66353988647461 72.70788912579957 
0 38.43642807006836 72.92110874200426 
0 39.05792999267578 73.13432835820896 
0 38.4648551940918 73.34754797441364 
0 39.4957389831543 73.56076759061834 
0 36.4736213684082 73.77398720682302 
0 37.258384704589844 73.98720682302772 
0 39.28089141845703 74.20042643923242 
0 37.192832946777344 74.4136460554371 
0 37.226890563964844 74.6268656716418 
0 39.04032897949219 74.84008528784648 
0 37.05839157104492 75.05330490405117 
0 39.01386260986328 75.26652452025586 
0 39.160953521728516 75.47974413646055 
0 39.05062484741211 75.69296375266525 
0 38.69538879394531 75.90618336886993 
0 38.89092254638672 76.11940298507463 
0 37.92498016357422 76.33262260127931 
0 36.525272369384766 76.54584221748401 
0 38.4259147644043 76.7590618336887 
0 38.69076156616211 76.97228144989339 
0 37.71527099609375 77.18550106609808 
0 37.51832962036133 77.39872068230277 
0 37.26972961425781 77.61194029850746 
0 35.779747009277344 77.82515991471216 
0 38.77973175048828 78.03837953091684 
0 37.70832824707031 78.25159914712154 
0 39.22932815551758 78.46481876332622 
0 38.02184295654297 78.67803837953092 
0 37.99114227294922 78.89125799573561 
0 38.72906494140625 79.1044776119403 
0 38.66767883300781 79.317697228145 
0 38.05913543701172 79.53091684434968 
0 36.40509796142578 79.74413646055437 
0 37.57775115966797 79.95735607675905 
0 38.929473876953125 80.17057569296375 
0 38.408119201660156 80.38379530916845 
0 37.212135314941406 80.59701492537313 
0 38.221229553222656 80.81023454157783 
0 38.388641357421875 81.02345415778251 
0 36.28941345214844 81.2366737739872 
0 37.339515686035156 81.4498933901919 
0 37.135765075683594 81.66311300639659 
0 39.141178131103516 81.87633262260128 
0 38.18495178222656 82.08955223880596 
0 36.78595733642578 82.30277185501066 
0 38.32804870605469 82.51599147121536 
0 35.873207092285156 82.72921108742004 
0 38.13100814819336 82.94243070362474 
0 36.7647705078125 83.15565031982942 
0 37.066715240478516 83.36886993603412 
0 36.770835876464844 83.58208955223881 
0 37.956825256347656 83.7953091684435 
0 36.93601608276367 84.00852878464819 
0 38.924964904785156 84.22174840085287 
0 36.141483306884766 84.43496801705757 
0 38.91050338745117 84.64818763326225 
0 37.087806701660156 84.86140724946695 
0 37.40966033935547 85.07462686567165 
0 37.822181701660156 85.28784648187633 
0 39.17317199707031 85.50106609808103 
0 37.325775146484375 85.71428571428571 
0 36.31072235107422 85.9275053304904 
0 35.96811294555664 86.1407249466951 
0 36.5718879699707 86.35394456289978 
0 36.3251838684082 86.56716417910448 
0 37.56888961791992 86.78038379530916 
0 37.32351303100586 86.99360341151386 
0 39.063846588134766 87.20682302771856 
0 38.560546875 87.42004264392324 
0 36.1534538269043 87.63326226012794 
0 37.77030944824219 87.84648187633262 
0 39.254966735839844 88.05970149253731 
0 36.36825180053711 88.27292110874201 
0 38.947044372558594 88.4861407249467 
0 37.384910583496094 88.69936034115139 
0 37.43815231323242 88.91257995735607 
0 35.88853454589844 89.12579957356077 
0 36.12820816040039 89.33901918976545 
0 36.87012481689453 89.55223880597015 
0 38.186256408691406 89.76545842217485 
0 38.049766540527344 89.97867803837953 
0 39.3709716796875 90.19189765458422 
0 38.35513687133789 90.4051172707889 
0 39.127994537353516 90.6183368869936 
0 37.16607666015625 90.8315565031983 
0 37.71891403198242 91.04477611940298 
0 37.40680694580078 91.25799573560768 
0 37.05872344970703 91.47121535181236 
0 35.21941375732422 91.68443496801706 
0 37.2896728515625 91.89765458422175 
0 36.511512756347656 92.11087420042644 
0 35.36623764038086 92.32409381663113 
0 37.31132507324219 92.53731343283582 
0 36.15787887573242 92.75053304904051 
0 35.159725189208984 92.96375266524521 
0 37.075984954833984 93.17697228144989 
0 37.00665283203125 93.39019189765459 
0 35.903785705566406 93.60341151385927 
0 36.563148498535156 93.81663113006397 
0 35.49250030517578 94.02985074626865 
0 37.03321075439453 94.24307036247335 
0 36.963924407958984 94.45628997867804 
0 36.64218521118164 94.66950959488273 
0 35.677818298339844 94.88272921108742 
0 38.57118606567383 95.0959488272921 
0 37.39461898803711 95.3091684434968 
0 35.93865203857422 95.5223880597015 
0 38.2623291015625 95.73560767590618 
0 37.06167221069336 95.94882729211088 
0 36.046173095703125 96.16204690831556 
0 37.85676193237305 96.37526652452026 
0 37.74538040161133 96.58848614072495 
0 37.065650939941406 96.80170575692964 
0 37.37594985961914 97.01492537313433 
0 36.393768310546875 97.22814498933901 
0 37.560333251953125 97.44136460554371 
0 35.89641571044922 97.65458422174841 
0 36.898712158203125 97.86780383795309 
0 35.639808654785156 98.08102345415779 
0 37.07897186279297 98.29424307036247 
0 37.133941650390625 98.50746268656717 
0 37.67155456542969 98.72068230277185 
0 37.23664474487305 98.93390191897655 
0 38.37641906738281 99.14712153518124 
0 38.48630905151367 99.36034115138592 
0 36.58417892456055 99.57356076759062 
0 36.73322550455729 99.7867803837953 
