mean for 0 is tensor([ 310.3430,   -1.2419,   -4.0231,    9.5532,    8.0775,   10.2087,
         220.7901,  279.7281, -294.8929,   10.0571,  330.9992,    8.2846,
         -19.0099,  -29.8874,   -8.5251,   -4.5135, -342.0926,  310.5227,
        -269.8595,    0.7863])
std for 0 is tensor([ 37.7357,   2.0606,   2.5783,   2.7638,   1.3483,   2.1990,
         47.0384,  39.3422,  62.1281,   1.3758,  58.8042,   2.3864,
          1.6752,   3.9683,   4.7644,   1.5039,  66.3524,  73.2000,
         60.3658,   2.1508])
mean for 1 is tensor([ 355.4721,   -1.3122,   -5.8121,   11.2423,    6.0838,   11.4782,
         222.9794,  268.9892, -375.4536,    9.3917,  370.5583,   10.3165,
         -14.2211,  -32.3329,  -18.6192,   -4.6505, -282.6527,  409.7395,
        -322.5826,   -0.8524])
std for 1 is tensor([ 23.8069,   1.2054,   1.4506,   1.6490,   1.0479,   1.5592,
         63.1311,  39.0850,  19.1971,   0.9173,  42.9355,   1.0191,
          1.5082,   3.9216,   2.1997,   0.7834,  37.2829,  42.0627,
         41.3063,   0.9336])
mean for 2 is tensor([ 291.5182,   -1.6334,   -6.6579,   11.3644,    4.3397,   10.6095,
         198.6031,  251.4797, -383.4265,    7.1091,  281.5724,    5.7724,
         -15.3772,  -33.6698,  -10.7069,   -7.1846, -286.8038,  317.5552,
        -409.2549,    1.3877])
std for 2 is tensor([ 48.6858,   1.9859,   3.0246,   2.8468,   2.1285,   2.8107,
         52.6604,  33.0764,  42.3024,   1.5118,  55.1643,   3.2895,
          2.7994,   6.0703,   3.8928,   2.7184,  53.1417,  63.3309,
         70.3714,   2.3458])
mean for 3 is tensor([ 330.8275,   -2.0687,   -3.1740,   10.6517,    5.3394,    8.3763,
         217.3113,  255.3233, -333.2866,    8.9269,  302.0736,    7.8212,
         -17.0125,  -27.9553,  -10.7648,   -3.2285, -334.9932,  309.6819,
        -336.8447,    1.6106])
std for 3 is tensor([ 32.3221,   1.1844,   2.0808,   1.4220,   1.5890,   1.7574,
         59.0336,  26.8086,  47.4712,   1.0286,  53.1085,   1.9577,
          2.4896,   5.2765,   3.7896,   2.2807,  50.5564,  60.0045,
         59.4899,   2.0264])
mean for 4 is tensor([ 353.5412,   -1.4285,   -6.6641,   11.2577,    8.1458,   11.6808,
         148.7274,  267.2706, -343.0056,   10.0681,  360.6999,   10.0837,
         -17.0971,  -30.9927,  -13.1080,   -3.7884, -337.6772,  337.3531,
        -231.4106,   -3.6350])
std for 4 is tensor([ 27.3546,   1.3094,   2.3204,   1.9819,   1.3220,   2.1545,
         37.2367,  21.5569,  43.3821,   1.1605,  46.8668,   1.9703,
          1.9896,   4.0905,   3.4144,   1.2838,  45.8510,  44.8552,
         46.5206,   1.6415])
mean for 5 is tensor([ 345.7245,   -0.3996,   -2.8362,   10.3175,    7.1006,    8.6692,
         193.4038,  251.7408, -330.6249,    9.5525,  345.3607,   10.0723,
         -15.0277,  -27.4043,  -12.6615,   -2.2084, -321.6919,  339.9032,
        -243.0860,   -1.7840])
std for 5 is tensor([ 33.1122,   1.2924,   3.0262,   2.3314,   1.5716,   3.0642,
         49.7210,  30.5642,  63.8100,   1.1344,  54.1531,   2.8289,
          2.7940,   6.1196,   3.7165,   2.1677,  55.7325,  54.6214,
         52.2668,   2.0587])
mean for 6 is tensor([ 303.8664,   -1.6095,   -4.2877,    9.1974,    6.6853,    8.7360,
         159.3376,  213.0631, -336.4163,    7.7586,  287.2653,    6.2476,
         -15.1374,  -27.3918,  -11.8442,   -4.6549, -266.3646,  310.1440,
        -330.0065,    0.2814])
std for 6 is tensor([ 44.4500,   1.6244,   1.9265,   1.6281,   1.5145,   2.3461,
         47.9325,  34.7472,  47.5855,   1.4066,  54.6115,   2.5198,
          2.5926,   4.4861,   3.6930,   1.4024,  49.6729,  59.4276,
         40.2082,   1.2378])
mean for 7 is tensor([ 335.8560,   -1.4996,   -4.9054,    9.0882,    6.2516,    9.8241,
         192.3672,  268.1327, -279.2443,   10.5351,  370.0987,    9.7443,
         -15.6463,  -28.1538,  -11.6584,   -2.3760, -325.4108,  351.2990,
        -224.6976,   -1.3607])
std for 7 is tensor([ 24.2318,   1.3827,   2.2736,   2.0186,   1.7750,   2.2341,
         48.6972,  28.3007,  60.0884,   1.0644,  47.3993,   2.0281,
          1.9499,   5.2080,   3.7921,   1.7763,  40.3596,  46.2323,
         79.4991,   2.2589])
mean for 8 is tensor([ 354.5535,   -3.0062,   -6.8966,   11.9504,    6.1676,   11.7407,
         209.1752,  258.1396, -368.7596,    9.2434,  342.3929,    9.7005,
         -18.2934,  -33.5652,  -12.8136,   -5.5087, -368.2072,  331.5229,
        -289.2856,   -0.5003])
std for 8 is tensor([ 28.2945,   1.8940,   3.3519,   2.3581,   1.3796,   3.2796,
         57.7701,  38.7663,  46.1824,   1.3813,  64.7295,   2.3001,
          2.5688,   6.6198,   3.9432,   2.3141,  62.3525,  68.2512,
         52.6154,   1.6003])
mean for 9 is tensor([ 360.3326,   -1.8121,   -5.7821,   10.3758,    7.6076,   10.6319,
         141.3795,  255.5758, -338.0346,   10.7294,  375.5835,   11.0099,
         -15.5579,  -28.8902,  -13.8774,   -3.1293, -341.4610,  344.6627,
        -194.0465,   -3.1762])
std for 9 is tensor([ 24.4718,   1.2976,   1.9216,   1.4609,   1.3316,   1.8976,
         52.9671,  25.5692,  31.8194,   0.8594,  36.5920,   1.5550,
          1.9527,   4.6927,   3.0922,   1.4369,  42.6161,  48.0990,
         49.8850,   1.7021])