0 184.58242797851562 0.0 
0 172.3295135498047 0.21321961620469082 
0 160.27813720703125 0.42643923240938164 
0 148.3167724609375 0.6396588486140725 
0 136.28712463378906 0.8528784648187633 
0 122.84381103515625 1.0660980810234542 
0 110.75186920166016 1.279317697228145 
0 98.37100982666016 1.492537313432836 
0 95.51271057128906 1.7057569296375266 
0 87.76944732666016 1.9189765458422174 
0 84.15343475341797 2.1321961620469083 
0 75.5935287475586 2.345415778251599 
0 73.80707550048828 2.55863539445629 
0 69.56236267089844 2.771855010660981 
0 69.6680908203125 2.985074626865672 
0 68.31633758544922 3.1982942430703623 
0 63.581016540527344 3.411513859275053 
0 65.77818298339844 3.624733475479744 
0 62.030784606933594 3.837953091684435 
0 63.30836868286133 4.051172707889126 
0 62.28032302856445 4.264392324093817 
0 60.4397087097168 4.477611940298507 
0 61.13287353515625 4.690831556503198 
0 63.37042999267578 4.904051172707889 
0 61.08293151855469 5.11727078891258 
0 57.8926887512207 5.330490405117271 
0 56.624961853027344 5.543710021321962 
0 57.735572814941406 5.756929637526652 
0 59.27058410644531 5.970149253731344 
0 56.816619873046875 6.183368869936034 
0 56.31311798095703 6.3965884861407245 
0 55.39629364013672 6.609808102345416 
0 59.959312438964844 6.823027718550106 
0 57.1585578918457 7.036247334754798 
0 58.0362434387207 7.249466950959488 
0 57.320003509521484 7.462686567164179 
0 55.00669479370117 7.67590618336887 
0 55.87351608276367 7.889125799573561 
0 57.166419982910156 8.102345415778252 
0 57.373653411865234 8.315565031982942 
0 53.487762451171875 8.528784648187633 
0 54.48698806762695 8.742004264392325 
0 54.54470443725586 8.955223880597014 
0 55.65192794799805 9.168443496801705 
0 57.22247314453125 9.381663113006397 
0 57.488128662109375 9.594882729211088 
0 55.49799346923828 9.808102345415778 
0 52.22310256958008 10.021321961620469 
0 54.79386520385742 10.23454157782516 
0 54.55974197387695 10.447761194029852 
0 54.43044662475586 10.660980810234541 
0 54.15972137451172 10.874200426439232 
0 53.144535064697266 11.087420042643924 
0 53.39818572998047 11.300639658848613 
0 54.51629638671875 11.513859275053305 
0 55.93342208862305 11.727078891257996 
0 55.074153900146484 11.940298507462687 
0 52.413177490234375 12.153518123667377 
0 55.68566131591797 12.366737739872068 
0 52.098060607910156 12.57995735607676 
0 52.507259368896484 12.793176972281449 
0 54.036224365234375 13.00639658848614 
0 53.49890899658203 13.219616204690832 
0 52.56578826904297 13.432835820895523 
0 50.83476257324219 13.646055437100213 
0 53.972312927246094 13.859275053304904 
0 55.177345275878906 14.072494669509595 
0 52.296958923339844 14.285714285714286 
0 53.894588470458984 14.498933901918976 
0 52.86129379272461 14.712153518123667 
0 53.112823486328125 14.925373134328359 
0 53.4665412902832 15.138592750533048 
0 53.38067626953125 15.35181236673774 
0 52.52794647216797 15.56503198294243 
0 52.90640640258789 15.778251599147122 
0 48.8499755859375 15.991471215351812 
0 54.509708404541016 16.204690831556505 
0 50.44019317626953 16.417910447761194 
0 52.138816833496094 16.631130063965884 
0 50.5528450012207 16.844349680170577 
0 52.396793365478516 17.057569296375267 
0 52.20288848876953 17.270788912579956 
0 52.822113037109375 17.48400852878465 
0 51.835723876953125 17.69722814498934 
0 53.2603759765625 17.91044776119403 
0 51.95291519165039 18.12366737739872 
0 51.90955352783203 18.33688699360341 
0 48.54248046875 18.550106609808104 
0 51.60886001586914 18.763326226012794 
0 49.36491012573242 18.976545842217483 
0 49.1572265625 19.189765458422176 
0 47.51695251464844 19.402985074626866 
0 50.4592399597168 19.616204690831555 
0 48.64527893066406 19.82942430703625 
0 53.319908142089844 20.042643923240938 
0 46.4973030090332 20.255863539445627 
0 50.22822189331055 20.46908315565032 
0 47.04192352294922 20.68230277185501 
0 49.89785385131836 20.895522388059703 
0 48.7289924621582 21.108742004264393 
0 45.43778991699219 21.321961620469082 
0 49.76239776611328 21.535181236673775 
0 46.6795654296875 21.748400852878465 
0 46.56959533691406 21.961620469083154 
0 48.7289924621582 22.174840085287848 
0 47.67233657836914 22.388059701492537 
0 50.02027130126953 22.601279317697227 
0 47.77976608276367 22.81449893390192 
0 46.528167724609375 23.02771855010661 
0 46.939537048339844 23.240938166311302 
0 46.666786193847656 23.454157782515992 
0 47.161705017089844 23.66737739872068 
0 46.47349166870117 23.880597014925375 
0 47.46602249145508 24.093816631130064 
0 44.83893966674805 24.307036247334754 
0 45.16598892211914 24.520255863539447 
0 46.84226608276367 24.733475479744136 
0 46.86966323852539 24.946695095948826 
0 47.34101104736328 25.15991471215352 
0 46.59215545654297 25.37313432835821 
0 46.83348846435547 25.586353944562898 
0 45.8424072265625 25.79957356076759 
0 46.33778381347656 26.01279317697228 
0 44.271240234375 26.226012793176974 
0 44.60573196411133 26.439232409381663 
0 45.33437728881836 26.652452025586353 
0 43.822757720947266 26.865671641791046 
0 47.48121643066406 27.078891257995735 
0 43.390480041503906 27.292110874200425 
0 47.55506134033203 27.505330490405118 
0 43.89268493652344 27.718550106609808 
0 47.17823028564453 27.931769722814497 
0 47.214935302734375 28.14498933901919 
0 47.42015838623047 28.35820895522388 
0 47.46968078613281 28.571428571428573 
0 44.57145690917969 28.784648187633262 
0 45.67595672607422 28.997867803837952 
0 43.947967529296875 29.211087420042645 
0 44.274559020996094 29.424307036247335 
0 43.848575592041016 29.637526652452024 
0 44.238765716552734 29.850746268656717 
0 45.309730529785156 30.063965884861407 
0 44.89104080200195 30.277185501066096 
0 46.86986541748047 30.49040511727079 
0 44.505802154541016 30.70362473347548 
0 45.859161376953125 30.916844349680172 
0 44.758209228515625 31.13006396588486 
0 42.94093704223633 31.34328358208955 
0 43.86257553100586 31.556503198294244 
0 44.319026947021484 31.769722814498934 
0 45.53683853149414 31.982942430703623 
0 43.994136810302734 32.19616204690831 
0 43.977439880371094 32.40938166311301 
0 46.368709564208984 32.6226012793177 
0 43.58970260620117 32.83582089552239 
0 43.15377426147461 33.04904051172708 
0 41.873077392578125 33.26226012793177 
0 43.40938186645508 33.47547974413646 
0 43.46873092651367 33.688699360341154 
0 43.6595344543457 33.90191897654584 
0 42.410545349121094 34.11513859275053 
0 43.855690002441406 34.32835820895522 
0 46.2786979675293 34.54157782515991 
0 42.85528564453125 34.75479744136461 
0 45.637535095214844 34.9680170575693 
0 43.4846076965332 35.18123667377399 
0 43.58024215698242 35.39445628997868 
0 42.781986236572266 35.60767590618337 
0 44.154972076416016 35.82089552238806 
0 43.21934127807617 36.03411513859275 
0 42.318603515625 36.24733475479744 
0 43.253509521484375 36.46055437100213 
0 43.55713653564453 36.67377398720682 
0 43.64418029785156 36.88699360341151 
0 43.60182571411133 37.10021321961621 
0 45.904441833496094 37.3134328358209 
0 41.868194580078125 37.52665245202559 
0 43.103485107421875 37.73987206823028 
0 44.1229133605957 37.953091684434966 
0 44.94844055175781 38.166311300639656 
0 43.87229919433594 38.37953091684435 
0 43.29882049560547 38.59275053304904 
0 42.894447326660156 38.80597014925373 
0 43.074134826660156 39.01918976545842 
0 42.19633865356445 39.23240938166311 
0 43.04390335083008 39.44562899786781 
0 43.014888763427734 39.6588486140725 
0 42.11277389526367 39.872068230277186 
0 40.5828971862793 40.085287846481876 
0 42.966434478759766 40.298507462686565 
0 41.6849365234375 40.511727078891255 
0 41.82374954223633 40.72494669509595 
0 41.82758331298828 40.93816631130064 
0 43.308895111083984 41.15138592750533 
0 41.118324279785156 41.36460554371002 
0 41.96805191040039 41.57782515991471 
0 42.528480529785156 41.791044776119406 
0 41.85124969482422 42.004264392324096 
0 43.12317657470703 42.217484008528785 
0 41.64463806152344 42.430703624733475 
0 39.99335861206055 42.643923240938165 
0 42.04999542236328 42.857142857142854 
0 42.75352478027344 43.07036247334755 
0 42.58040237426758 43.28358208955224 
0 41.12474822998047 43.49680170575693 
0 44.9042854309082 43.71002132196162 
0 41.41664123535156 43.92324093816631 
0 43.69581985473633 44.136460554371006 
0 41.7384033203125 44.349680170575695 
0 42.23929214477539 44.562899786780385 
0 44.52166748046875 44.776119402985074 
0 42.025840759277344 44.989339019189764 
0 40.76451110839844 45.20255863539445 
0 40.60039138793945 45.41577825159915 
0 42.31325912475586 45.62899786780384 
0 39.68888473510742 45.84221748400853 
0 41.73944854736328 46.05543710021322 
0 43.694091796875 46.26865671641791 
0 43.03730773925781 46.481876332622605 
0 42.42719268798828 46.695095948827294 
0 40.569698333740234 46.908315565031984 
0 40.953094482421875 47.12153518123667 
0 43.810543060302734 47.33475479744136 
0 40.52939224243164 47.54797441364605 
0 41.053348541259766 47.76119402985075 
0 42.00909423828125 47.97441364605544 
0 40.983123779296875 48.18763326226013 
0 41.239566802978516 48.40085287846482 
0 40.36626052856445 48.61407249466951 
0 39.922706604003906 48.827292110874204 
0 42.210899353027344 49.04051172707889 
0 42.82713317871094 49.25373134328358 
0 40.05760192871094 49.46695095948827 
0 40.747955322265625 49.68017057569296 
0 41.482154846191406 49.89339019189765 
0 41.68557357788086 50.10660980810235 
0 40.89881896972656 50.31982942430704 
0 39.452308654785156 50.53304904051173 
0 40.025634765625 50.74626865671642 
0 39.67524337768555 50.95948827292111 
0 40.98237228393555 51.172707889125796 
0 40.30842590332031 51.38592750533049 
0 40.82758331298828 51.59914712153518 
0 41.93398666381836 51.81236673773987 
0 40.27503204345703 52.02558635394456 
0 40.55732727050781 52.23880597014925 
0 40.90167236328125 52.45202558635395 
0 43.14690399169922 52.66524520255864 
0 38.803565979003906 52.87846481876333 
0 40.893348693847656 53.091684434968016 
0 39.79334259033203 53.304904051172706 
0 40.29373550415039 53.518123667377395 
0 40.213356018066406 53.73134328358209 
0 41.61387634277344 53.94456289978678 
0 40.68637466430664 54.15778251599147 
0 41.55567932128906 54.37100213219616 
0 39.66777801513672 54.58422174840085 
0 40.481807708740234 54.79744136460555 
0 39.67827224731445 55.010660980810236 
0 40.21171188354492 55.223880597014926 
0 39.99421310424805 55.437100213219615 
0 40.73783493041992 55.650319829424305 
0 39.94723892211914 55.863539445628994 
0 39.872196197509766 56.07675906183369 
0 41.815956115722656 56.28997867803838 
0 40.716102600097656 56.50319829424307 
0 41.58287048339844 56.71641791044776 
0 39.814273834228516 56.92963752665245 
0 39.643951416015625 57.142857142857146 
0 39.6143684387207 57.356076759061835 
0 39.01940155029297 57.569296375266525 
0 40.98185729980469 57.782515991471215 
0 41.17483901977539 57.995735607675904 
0 41.016910552978516 58.208955223880594 
0 37.702327728271484 58.42217484008529 
0 40.70027542114258 58.63539445628998 
0 41.200355529785156 58.84861407249467 
0 40.024600982666016 59.06183368869936 
0 38.57079315185547 59.27505330490405 
0 38.13982391357422 59.488272921108745 
0 40.02655792236328 59.701492537313435 
0 40.47161102294922 59.914712153518124 
0 39.993247985839844 60.127931769722814 
0 39.358463287353516 60.3411513859275 
0 41.009178161621094 60.55437100213219 
0 40.22300720214844 60.76759061833689 
0 39.53738784790039 60.98081023454158 
0 40.57074737548828 61.19402985074627 
0 40.997337341308594 61.40724946695096 
0 40.600067138671875 61.62046908315565 
0 39.56870651245117 61.833688699360344 
0 40.22014236450195 62.046908315565034 
0 39.54901885986328 62.26012793176972 
0 40.114437103271484 62.47334754797441 
0 39.524818420410156 62.6865671641791 
0 39.2459716796875 62.89978678038379 
0 39.81418228149414 63.11300639658849 
0 39.41093826293945 63.32622601279318 
0 38.92571258544922 63.53944562899787 
0 40.621055603027344 63.75266524520256 
0 40.30741882324219 63.96588486140725 
0 39.573944091796875 64.17910447761194 
0 39.92275619506836 64.39232409381663 
0 39.916847229003906 64.60554371002132 
0 39.71697998046875 64.81876332622602 
0 38.492042541503906 65.0319829424307 
0 41.11854553222656 65.2452025586354 
0 40.491783142089844 65.45842217484008 
0 38.15200424194336 65.67164179104478 
0 37.63714599609375 65.88486140724947 
0 41.523773193359375 66.09808102345416 
0 38.89181900024414 66.31130063965885 
0 38.96857833862305 66.52452025586354 
0 38.82156753540039 66.73773987206823 
0 38.26581954956055 66.95095948827291 
0 39.373313903808594 67.16417910447761 
0 39.47259521484375 67.37739872068231 
0 38.29696273803711 67.59061833688699 
0 40.38077926635742 67.80383795309169 
0 38.54478454589844 68.01705756929637 
0 38.90644073486328 68.23027718550107 
0 38.027591705322266 68.44349680170576 
0 38.604286193847656 68.65671641791045 
0 40.39051055908203 68.86993603411514 
0 38.26396560668945 69.08315565031982 
0 39.54047775268555 69.29637526652452 
0 38.04486846923828 69.50959488272922 
0 39.286720275878906 69.7228144989339 
0 40.25430679321289 69.9360341151386 
0 37.27863693237305 70.14925373134328 
0 39.62958526611328 70.36247334754798 
0 39.13832473754883 70.57569296375266 
0 39.01336669921875 70.78891257995735 
0 39.0950813293457 71.00213219616205 
0 38.91151428222656 71.21535181236673 
0 39.745208740234375 71.42857142857143 
0 38.339847564697266 71.64179104477611 
0 40.492652893066406 71.85501066098081 
0 37.66111755371094 72.0682302771855 
0 39.77458953857422 72.28144989339019 
0 39.15870666503906 72.49466950959489 
0 39.464359283447266 72.70788912579957 
0 38.18806457519531 72.92110874200426 
0 38.526798248291016 73.13432835820896 
0 38.03038024902344 73.34754797441364 
0 39.02845764160156 73.56076759061834 
0 37.1020393371582 73.77398720682302 
0 38.00323486328125 73.98720682302772 
0 38.102210998535156 74.20042643923242 
0 38.82708740234375 74.4136460554371 
0 38.93716049194336 74.6268656716418 
0 38.9526252746582 74.84008528784648 
0 37.990684509277344 75.05330490405117 
0 38.42903137207031 75.26652452025586 
0 37.88450241088867 75.47974413646055 
0 39.34590148925781 75.69296375266525 
0 37.53137969970703 75.90618336886993 
0 38.32154083251953 76.11940298507463 
0 39.43948745727539 76.33262260127931 
0 39.79718780517578 76.54584221748401 
0 38.505550384521484 76.7590618336887 
0 37.672489166259766 76.97228144989339 
0 40.129940032958984 77.18550106609808 
0 38.32295227050781 77.39872068230277 
0 38.31413650512695 77.61194029850746 
0 37.641700744628906 77.82515991471216 
0 38.443328857421875 78.03837953091684 
0 38.25486755371094 78.25159914712154 
0 37.525108337402344 78.46481876332622 
0 38.78679656982422 78.67803837953092 
0 38.769813537597656 78.89125799573561 
0 39.88005447387695 79.1044776119403 
0 38.16917037963867 79.317697228145 
0 37.143714904785156 79.53091684434968 
0 38.90935516357422 79.74413646055437 
0 39.28562545776367 79.95735607675905 
0 37.22721862792969 80.17057569296375 
0 37.760292053222656 80.38379530916845 
0 38.54875946044922 80.59701492537313 
0 38.80229949951172 80.81023454157783 
0 39.36333465576172 81.02345415778251 
0 36.61833572387695 81.2366737739872 
0 38.97955322265625 81.4498933901919 
0 38.158138275146484 81.66311300639659 
0 37.475650787353516 81.87633262260128 
0 39.248531341552734 82.08955223880596 
0 37.92427062988281 82.30277185501066 
0 39.19624328613281 82.51599147121536 
0 39.94231033325195 82.72921108742004 
0 39.44598388671875 82.94243070362474 
0 38.7179069519043 83.15565031982942 
0 36.6465950012207 83.36886993603412 
0 38.68355178833008 83.58208955223881 
0 38.6618537902832 83.7953091684435 
0 38.4143180847168 84.00852878464819 
0 36.62922286987305 84.22174840085287 
0 36.91300582885742 84.43496801705757 
0 40.20378875732422 84.64818763326225 
0 39.41755294799805 84.86140724946695 
0 37.58000946044922 85.07462686567165 
0 37.69763946533203 85.28784648187633 
0 38.717288970947266 85.50106609808103 
0 38.616573333740234 85.71428571428571 
0 37.47194290161133 85.9275053304904 
0 35.525474548339844 86.1407249466951 
0 38.66828918457031 86.35394456289978 
0 38.454811096191406 86.56716417910448 
0 36.123291015625 86.78038379530916 
0 37.41310501098633 86.99360341151386 
0 37.51948165893555 87.20682302771856 
0 36.82608413696289 87.42004264392324 
0 38.691131591796875 87.63326226012794 
0 38.065223693847656 87.84648187633262 
0 37.25872802734375 88.05970149253731 
0 37.14600372314453 88.27292110874201 
0 37.08599090576172 88.4861407249467 
0 39.728485107421875 88.69936034115139 
0 37.221458435058594 88.91257995735607 
0 37.41407012939453 89.12579957356077 
0 36.65015411376953 89.33901918976545 
0 38.03057098388672 89.55223880597015 
0 38.43305969238281 89.76545842217485 
0 35.820438385009766 89.97867803837953 
0 36.73653030395508 90.19189765458422 
0 36.88849639892578 90.4051172707889 
0 36.29275131225586 90.6183368869936 
0 37.019596099853516 90.8315565031983 
0 38.29752731323242 91.04477611940298 
0 36.63831329345703 91.25799573560768 
0 37.346885681152344 91.47121535181236 
0 39.69445037841797 91.68443496801706 
0 36.671791076660156 91.89765458422175 
0 36.30499267578125 92.11087420042644 
0 37.01678466796875 92.32409381663113 
0 38.10470962524414 92.53731343283582 
0 36.607261657714844 92.75053304904051 
0 35.777870178222656 92.96375266524521 
0 36.1422004699707 93.17697228144989 
0 36.913509368896484 93.39019189765459 
0 36.15644454956055 93.60341151385927 
0 35.9445915222168 93.81663113006397 
0 36.24685287475586 94.02985074626865 
0 38.37305450439453 94.24307036247335 
0 35.39659118652344 94.45628997867804 
0 35.99486541748047 94.66950959488273 
0 37.45146942138672 94.88272921108742 
0 39.4365234375 95.0959488272921 
0 36.8475227355957 95.3091684434968 
0 37.26813888549805 95.5223880597015 
0 36.60215759277344 95.73560767590618 
0 37.955814361572266 95.94882729211088 
0 38.50828552246094 96.16204690831556 
0 36.87702178955078 96.37526652452026 
0 39.523475646972656 96.58848614072495 
0 37.64446258544922 96.80170575692964 
0 36.537960052490234 97.01492537313433 
0 37.56695556640625 97.22814498933901 
0 35.378047943115234 97.44136460554371 
0 38.66725158691406 97.65458422174841 
0 37.96338653564453 97.86780383795309 
0 37.347286224365234 98.08102345415779 
0 35.94248580932617 98.29424307036247 
0 35.63885498046875 98.50746268656717 
0 37.45829391479492 98.72068230277185 
0 38.215301513671875 98.93390191897655 
0 37.8638801574707 99.14712153518124 
0 35.4543342590332 99.36034115138592 
0 38.23637771606445 99.57356076759062 
0 36.69293975830078 99.7867803837953 
