0 184.3719940185547 0.0 
0 171.10484313964844 0.21321961620469082 
0 159.12989807128906 0.42643923240938164 
0 146.71617126464844 0.6396588486140725 
0 132.51589965820312 0.8528784648187633 
0 120.12442779541016 1.0660980810234542 
0 108.46794128417969 1.279317697228145 
0 96.10041046142578 1.492537313432836 
0 91.3382797241211 1.7057569296375266 
0 88.35242462158203 1.9189765458422174 
0 79.6407699584961 2.1321961620469083 
0 83.11634826660156 2.345415778251599 
0 72.44425964355469 2.55863539445629 
0 72.19281005859375 2.771855010660981 
0 69.35862731933594 2.985074626865672 
0 65.63275909423828 3.1982942430703623 
0 66.2132568359375 3.411513859275053 
0 63.00706100463867 3.624733475479744 
0 62.14731216430664 3.837953091684435 
0 62.244415283203125 4.051172707889126 
0 62.3463134765625 4.264392324093817 
0 63.867408752441406 4.477611940298507 
0 62.67366027832031 4.690831556503198 
0 58.10993576049805 4.904051172707889 
0 56.03782653808594 5.11727078891258 
0 56.46097183227539 5.330490405117271 
0 57.55878448486328 5.543710021321962 
0 56.0369758605957 5.756929637526652 
0 59.334129333496094 5.970149253731344 
0 57.45698928833008 6.183368869936034 
0 58.028594970703125 6.3965884861407245 
0 57.78169631958008 6.609808102345416 
0 58.511966705322266 6.823027718550106 
0 56.6357536315918 7.036247334754798 
0 56.1549072265625 7.249466950959488 
0 55.281497955322266 7.462686567164179 
0 58.81599044799805 7.67590618336887 
0 55.441123962402344 7.889125799573561 
0 55.864952087402344 8.102345415778252 
0 56.12808609008789 8.315565031982942 
0 54.59541320800781 8.528784648187633 
0 54.33574676513672 8.742004264392325 
0 57.60178756713867 8.955223880597014 
0 54.79353332519531 9.168443496801705 
0 55.512725830078125 9.381663113006397 
0 55.05775451660156 9.594882729211088 
0 55.85862731933594 9.808102345415778 
0 53.66978454589844 10.021321961620469 
0 54.4577522277832 10.23454157782516 
0 52.82176971435547 10.447761194029852 
0 54.74585723876953 10.660980810234541 
0 55.533748626708984 10.874200426439232 
0 55.14446258544922 11.087420042643924 
0 54.513031005859375 11.300639658848613 
0 53.712730407714844 11.513859275053305 
0 53.186729431152344 11.727078891257996 
0 56.13500213623047 11.940298507462687 
0 50.904781341552734 12.153518123667377 
0 53.115989685058594 12.366737739872068 
0 54.91417694091797 12.57995735607676 
0 53.35175704956055 12.793176972281449 
0 53.376277923583984 13.00639658848614 
0 55.786930084228516 13.219616204690832 
0 52.65128707885742 13.432835820895523 
0 53.33216094970703 13.646055437100213 
0 54.2968864440918 13.859275053304904 
0 53.405330657958984 14.072494669509595 
0 52.279720306396484 14.285714285714286 
0 53.507389068603516 14.498933901918976 
0 52.522300720214844 14.712153518123667 
0 50.07006072998047 14.925373134328359 
0 51.954261779785156 15.138592750533048 
0 54.07157516479492 15.35181236673774 
0 53.29506301879883 15.56503198294243 
0 52.95825958251953 15.778251599147122 
0 53.27679443359375 15.991471215351812 
0 53.42893600463867 16.204690831556505 
0 52.02445983886719 16.417910447761194 
0 53.49399948120117 16.631130063965884 
0 53.23634719848633 16.844349680170577 
0 52.70205307006836 17.057569296375267 
0 50.58618927001953 17.270788912579956 
0 51.6458854675293 17.48400852878465 
0 50.813575744628906 17.69722814498934 
0 49.102149963378906 17.91044776119403 
0 50.4354248046875 18.12366737739872 
0 51.820838928222656 18.33688699360341 
0 48.617088317871094 18.550106609808104 
0 52.75605392456055 18.763326226012794 
0 52.141693115234375 18.976545842217483 
0 48.851985931396484 19.189765458422176 
0 48.198795318603516 19.402985074626866 
0 50.80190658569336 19.616204690831555 
0 48.85868835449219 19.82942430703625 
0 48.98198699951172 20.042643923240938 
0 50.97922134399414 20.255863539445627 
0 50.132930755615234 20.46908315565032 
0 49.69743347167969 20.68230277185501 
0 47.405487060546875 20.895522388059703 
0 49.51753616333008 21.108742004264393 
0 49.67354965209961 21.321961620469082 
0 48.22504425048828 21.535181236673775 
0 46.7105827331543 21.748400852878465 
0 48.68278121948242 21.961620469083154 
0 48.77292251586914 22.174840085287848 
0 46.6602783203125 22.388059701492537 
0 45.882232666015625 22.601279317697227 
0 48.330284118652344 22.81449893390192 
0 48.10005569458008 23.02771855010661 
0 47.85231018066406 23.240938166311302 
0 46.682655334472656 23.454157782515992 
0 47.74828338623047 23.66737739872068 
0 47.55678939819336 23.880597014925375 
0 49.906063079833984 24.093816631130064 
0 46.130863189697266 24.307036247334754 
0 44.11055374145508 24.520255863539447 
0 50.10755157470703 24.733475479744136 
0 47.30030822753906 24.946695095948826 
0 46.4611701965332 25.15991471215352 
0 47.169883728027344 25.37313432835821 
0 46.80204772949219 25.586353944562898 
0 44.304073333740234 25.79957356076759 
0 46.083717346191406 26.01279317697228 
0 47.5903205871582 26.226012793176974 
0 45.86213684082031 26.439232409381663 
0 46.094539642333984 26.652452025586353 
0 46.55186080932617 26.865671641791046 
0 48.225250244140625 27.078891257995735 
0 46.17073059082031 27.292110874200425 
0 48.668209075927734 27.505330490405118 
0 47.35594177246094 27.718550106609808 
0 45.78789138793945 27.931769722814497 
0 46.23263168334961 28.14498933901919 
0 46.225894927978516 28.35820895522388 
0 46.73105239868164 28.571428571428573 
0 45.76629638671875 28.784648187633262 
0 47.174320220947266 28.997867803837952 
0 45.84528350830078 29.211087420042645 
0 45.950294494628906 29.424307036247335 
0 44.04000473022461 29.637526652452024 
0 48.101219177246094 29.850746268656717 
0 46.653907775878906 30.063965884861407 
0 46.146080017089844 30.277185501066096 
0 45.92766189575195 30.49040511727079 
0 44.99382781982422 30.70362473347548 
0 45.1197509765625 30.916844349680172 
0 46.377628326416016 31.13006396588486 
0 45.355438232421875 31.34328358208955 
0 45.5041618347168 31.556503198294244 
0 44.02558517456055 31.769722814498934 
0 44.7773323059082 31.982942430703623 
0 44.97115707397461 32.19616204690831 
0 42.271053314208984 32.40938166311301 
0 43.30918884277344 32.6226012793177 
0 44.7656364440918 32.83582089552239 
0 45.04717254638672 33.04904051172708 
0 44.406944274902344 33.26226012793177 
0 44.34273147583008 33.47547974413646 
0 42.88445281982422 33.688699360341154 
0 45.11941146850586 33.90191897654584 
0 44.57634735107422 34.11513859275053 
0 41.400718688964844 34.32835820895522 
0 45.34744644165039 34.54157782515991 
0 43.36882019042969 34.75479744136461 
0 45.68070983886719 34.9680170575693 
0 45.594852447509766 35.18123667377399 
0 46.636192321777344 35.39445628997868 
0 44.26644515991211 35.60767590618337 
0 44.62961196899414 35.82089552238806 
0 45.81216049194336 36.03411513859275 
0 44.461177825927734 36.24733475479744 
0 43.32763671875 36.46055437100213 
0 42.873252868652344 36.67377398720682 
0 42.389652252197266 36.88699360341151 
0 43.81063461303711 37.10021321961621 
0 43.37531280517578 37.3134328358209 
0 45.71097946166992 37.52665245202559 
0 41.64330291748047 37.73987206823028 
0 43.267181396484375 37.953091684434966 
0 43.95998764038086 38.166311300639656 
0 44.91843795776367 38.37953091684435 
0 42.87208557128906 38.59275053304904 
0 42.903865814208984 38.80597014925373 
0 41.57440185546875 39.01918976545842 
0 44.40580368041992 39.23240938166311 
0 43.3353271484375 39.44562899786781 
0 42.926918029785156 39.6588486140725 
0 44.467647552490234 39.872068230277186 
0 41.97853088378906 40.085287846481876 
0 43.74506759643555 40.298507462686565 
0 42.51133346557617 40.511727078891255 
0 42.3946533203125 40.72494669509595 
0 41.77170944213867 40.93816631130064 
0 43.00127410888672 41.15138592750533 
0 42.59458541870117 41.36460554371002 
0 42.246734619140625 41.57782515991471 
0 42.295352935791016 41.791044776119406 
0 43.125816345214844 42.004264392324096 
0 43.43458557128906 42.217484008528785 
0 43.87809753417969 42.430703624733475 
0 43.98268508911133 42.643923240938165 
0 42.114322662353516 42.857142857142854 
0 42.69944381713867 43.07036247334755 
0 44.054203033447266 43.28358208955224 
0 44.25450897216797 43.49680170575693 
0 42.170692443847656 43.71002132196162 
0 41.446693420410156 43.92324093816631 
0 39.667266845703125 44.136460554371006 
0 44.673500061035156 44.349680170575695 
0 41.64269256591797 44.562899786780385 
0 41.702476501464844 44.776119402985074 
0 41.88938522338867 44.989339019189764 
0 40.98752212524414 45.20255863539445 
0 42.49391555786133 45.41577825159915 
0 40.831031799316406 45.62899786780384 
0 40.73955154418945 45.84221748400853 
0 43.27156066894531 46.05543710021322 
0 43.02241134643555 46.26865671641791 
0 42.445701599121094 46.481876332622605 
0 42.68409729003906 46.695095948827294 
0 41.55887222290039 46.908315565031984 
0 41.233299255371094 47.12153518123667 
0 41.33074188232422 47.33475479744136 
0 41.47148513793945 47.54797441364605 
0 41.32171630859375 47.76119402985075 
0 40.649269104003906 47.97441364605544 
0 40.05418014526367 48.18763326226013 
0 41.569923400878906 48.40085287846482 
0 43.04662322998047 48.61407249466951 
0 41.128658294677734 48.827292110874204 
0 39.744361877441406 49.04051172707889 
0 41.351261138916016 49.25373134328358 
0 40.3991813659668 49.46695095948827 
0 40.35303497314453 49.68017057569296 
0 42.354496002197266 49.89339019189765 
0 39.0777587890625 50.10660980810235 
0 39.48073196411133 50.31982942430704 
0 40.42179489135742 50.53304904051173 
0 40.214473724365234 50.74626865671642 
0 40.78759765625 50.95948827292111 
0 38.85979461669922 51.172707889125796 
0 40.25870895385742 51.38592750533049 
0 40.91831970214844 51.59914712153518 
0 39.801578521728516 51.81236673773987 
0 40.4109992980957 52.02558635394456 
0 39.755760192871094 52.23880597014925 
0 42.82146453857422 52.45202558635395 
0 39.94749069213867 52.66524520255864 
0 41.01163864135742 52.87846481876333 
0 41.63286209106445 53.091684434968016 
0 40.249271392822266 53.304904051172706 
0 43.05852127075195 53.518123667377395 
0 39.74212646484375 53.73134328358209 
0 41.10306930541992 53.94456289978678 
0 40.72163772583008 54.15778251599147 
0 41.21148681640625 54.37100213219616 
0 41.25421142578125 54.58422174840085 
0 41.505245208740234 54.79744136460555 
0 39.82992935180664 55.010660980810236 
0 40.82366943359375 55.223880597014926 
0 38.610260009765625 55.437100213219615 
0 42.53239440917969 55.650319829424305 
0 39.38151168823242 55.863539445628994 
0 40.75286865234375 56.07675906183369 
0 40.6878662109375 56.28997867803838 
0 40.9432258605957 56.50319829424307 
0 40.573116302490234 56.71641791044776 
0 40.75205993652344 56.92963752665245 
0 41.48960876464844 57.142857142857146 
0 39.58200454711914 57.356076759061835 
0 40.54620361328125 57.569296375266525 
0 40.189903259277344 57.782515991471215 
0 38.47795104980469 57.995735607675904 
0 39.89151382446289 58.208955223880594 
0 39.51999282836914 58.42217484008529 
0 40.00286865234375 58.63539445628998 
0 41.29320526123047 58.84861407249467 
0 39.327056884765625 59.06183368869936 
0 40.13390350341797 59.27505330490405 
0 41.134063720703125 59.488272921108745 
0 39.75448989868164 59.701492537313435 
0 40.77741622924805 59.914712153518124 
0 41.14088439941406 60.127931769722814 
0 39.597259521484375 60.3411513859275 
0 40.317264556884766 60.55437100213219 
0 41.93595886230469 60.76759061833689 
0 40.98612594604492 60.98081023454158 
0 39.41887283325195 61.19402985074627 
0 40.810420989990234 61.40724946695096 
0 40.2352294921875 61.62046908315565 
0 40.043922424316406 61.833688699360344 
0 39.4019660949707 62.046908315565034 
0 41.26236343383789 62.26012793176972 
0 38.88978958129883 62.47334754797441 
0 40.010643005371094 62.6865671641791 
0 40.37953186035156 62.89978678038379 
0 40.50021743774414 63.11300639658849 
0 39.61775588989258 63.32622601279318 
0 40.50841522216797 63.53944562899787 
0 39.06008529663086 63.75266524520256 
0 40.44255828857422 63.96588486140725 
0 41.31364440917969 64.17910447761194 
0 40.35272216796875 64.39232409381663 
0 39.06009292602539 64.60554371002132 
0 39.46908950805664 64.81876332622602 
0 39.69248580932617 65.0319829424307 
0 39.34636688232422 65.2452025586354 
0 39.2540283203125 65.45842217484008 
0 39.811912536621094 65.67164179104478 
0 39.621971130371094 65.88486140724947 
0 40.12687683105469 66.09808102345416 
0 40.00823211669922 66.31130063965885 
0 40.05791091918945 66.52452025586354 
0 39.10065460205078 66.73773987206823 
0 38.94861602783203 66.95095948827291 
0 37.94972610473633 67.16417910447761 
0 39.561893463134766 67.37739872068231 
0 38.795013427734375 67.59061833688699 
0 39.975608825683594 67.80383795309169 
0 39.2476692199707 68.01705756929637 
0 39.81787109375 68.23027718550107 
0 40.162200927734375 68.44349680170576 
0 40.51200485229492 68.65671641791045 
0 39.395721435546875 68.86993603411514 
0 38.410526275634766 69.08315565031982 
0 40.3852424621582 69.29637526652452 
0 38.19888687133789 69.50959488272922 
0 37.165672302246094 69.7228144989339 
0 38.14813995361328 69.9360341151386 
0 40.259132385253906 70.14925373134328 
0 39.578834533691406 70.36247334754798 
0 38.75055694580078 70.57569296375266 
0 37.64975357055664 70.78891257995735 
0 39.685035705566406 71.00213219616205 
0 38.699256896972656 71.21535181236673 
0 39.68354034423828 71.42857142857143 
0 40.87005615234375 71.64179104477611 
0 37.81175994873047 71.85501066098081 
0 40.019622802734375 72.0682302771855 
0 40.1351318359375 72.28144989339019 
0 37.90208435058594 72.49466950959489 
0 38.01708984375 72.70788912579957 
0 40.8278923034668 72.92110874200426 
0 39.20821762084961 73.13432835820896 
0 39.60593032836914 73.34754797441364 
0 36.95881271362305 73.56076759061834 
0 38.281036376953125 73.77398720682302 
0 38.46050262451172 73.98720682302772 
0 40.106689453125 74.20042643923242 
0 38.01039123535156 74.4136460554371 
0 39.38157653808594 74.6268656716418 
0 40.32421875 74.84008528784648 
0 37.78889083862305 75.05330490405117 
0 38.46360397338867 75.26652452025586 
0 39.30340576171875 75.47974413646055 
0 40.02277374267578 75.69296375266525 
0 38.32213592529297 75.90618336886993 
0 38.89619827270508 76.11940298507463 
0 39.793758392333984 76.33262260127931 
0 38.856101989746094 76.54584221748401 
0 39.290924072265625 76.7590618336887 
0 37.992942810058594 76.97228144989339 
0 37.153114318847656 77.18550106609808 
0 38.68412780761719 77.39872068230277 
0 38.72392654418945 77.61194029850746 
0 39.38181686401367 77.82515991471216 
0 37.93180847167969 78.03837953091684 
0 40.90829086303711 78.25159914712154 
0 38.10675048828125 78.46481876332622 
0 37.324493408203125 78.67803837953092 
0 37.66303634643555 78.89125799573561 
0 36.97739791870117 79.1044776119403 
0 38.587249755859375 79.317697228145 
0 38.67341613769531 79.53091684434968 
0 38.39371109008789 79.74413646055437 
0 37.75863265991211 79.95735607675905 
0 39.77054977416992 80.17057569296375 
0 37.65339279174805 80.38379530916845 
0 39.00956726074219 80.59701492537313 
0 38.80738067626953 80.81023454157783 
0 39.12190246582031 81.02345415778251 
0 39.56853103637695 81.2366737739872 
0 38.59809875488281 81.4498933901919 
0 37.837223052978516 81.66311300639659 
0 37.42333984375 81.87633262260128 
0 40.519866943359375 82.08955223880596 
0 37.80469512939453 82.30277185501066 
0 39.108970642089844 82.51599147121536 
0 37.98274612426758 82.72921108742004 
0 37.329463958740234 82.94243070362474 
0 38.62449264526367 83.15565031982942 
0 37.5120849609375 83.36886993603412 
0 37.00577926635742 83.58208955223881 
0 38.45280456542969 83.7953091684435 
0 36.76521682739258 84.00852878464819 
0 37.848609924316406 84.22174840085287 
0 37.93149185180664 84.43496801705757 
0 36.86236572265625 84.64818763326225 
0 39.614166259765625 84.86140724946695 
0 37.5778694152832 85.07462686567165 
0 38.87828063964844 85.28784648187633 
0 36.51445007324219 85.50106609808103 
0 39.35762023925781 85.71428571428571 
0 36.46534729003906 85.9275053304904 
0 38.23091506958008 86.1407249466951 
0 36.90956115722656 86.35394456289978 
0 38.70166778564453 86.56716417910448 
0 36.650718688964844 86.78038379530916 
0 38.147560119628906 86.99360341151386 
0 37.705116271972656 87.20682302771856 
0 37.62253189086914 87.42004264392324 
0 37.663047790527344 87.63326226012794 
0 38.109439849853516 87.84648187633262 
0 37.55866241455078 88.05970149253731 
0 37.18885040283203 88.27292110874201 
0 37.60028076171875 88.4861407249467 
0 37.45651626586914 88.69936034115139 
0 36.98314666748047 88.91257995735607 
0 36.90519332885742 89.12579957356077 
0 37.58081817626953 89.33901918976545 
0 39.59893798828125 89.55223880597015 
0 38.695411682128906 89.76545842217485 
0 36.742958068847656 89.97867803837953 
0 37.39923095703125 90.19189765458422 
0 39.58571243286133 90.4051172707889 
0 36.077030181884766 90.6183368869936 
0 36.773311614990234 90.8315565031983 
0 36.80716323852539 91.04477611940298 
0 37.222110748291016 91.25799573560768 
0 36.84270095825195 91.47121535181236 
0 37.587894439697266 91.68443496801706 
0 38.87401580810547 91.89765458422175 
0 37.81596374511719 92.11087420042644 
0 37.046302795410156 92.32409381663113 
0 37.79781723022461 92.53731343283582 
0 37.954261779785156 92.75053304904051 
0 36.47271728515625 92.96375266524521 
0 38.61653137207031 93.17697228144989 
0 37.700523376464844 93.39019189765459 
0 37.124481201171875 93.60341151385927 
0 38.26419448852539 93.81663113006397 
0 35.67255401611328 94.02985074626865 
0 35.39286804199219 94.24307036247335 
0 38.52177047729492 94.45628997867804 
0 37.276634216308594 94.66950959488273 
0 36.3917236328125 94.88272921108742 
0 36.584434509277344 95.0959488272921 
0 35.04339599609375 95.3091684434968 
0 36.37359619140625 95.5223880597015 
0 37.61908721923828 95.73560767590618 
0 37.21918487548828 95.94882729211088 
0 36.351097106933594 96.16204690831556 
0 36.893123626708984 96.37526652452026 
0 36.15907669067383 96.58848614072495 
0 37.1781120300293 96.80170575692964 
0 35.904212951660156 97.01492537313433 
0 35.827674865722656 97.22814498933901 
0 37.5015869140625 97.44136460554371 
0 36.65804672241211 97.65458422174841 
0 36.87928771972656 97.86780383795309 
0 38.1434440612793 98.08102345415779 
0 36.11026382446289 98.29424307036247 
0 36.27582550048828 98.50746268656717 
0 36.55027770996094 98.72068230277185 
0 37.190330505371094 98.93390191897655 
0 38.09400939941406 99.14712153518124 
0 35.20469284057617 99.36034115138592 
0 37.758731842041016 99.57356076759062 
0 34.32821400960287 99.7867803837953 
